The initial medians:            0          1
0  -0.078662  29.987050
1  -0.039919  30.080839
2  -0.037761  30.032294
3  -0.037645  29.969393
4  -0.029609  30.026539
..       ...        ...
95  0.093689  29.946723
96  0.096134  30.006331
97  0.098534  29.866569
98  0.111298  29.935213
99  0.132917  29.980797

[100 rows x 2 columns]
The medians 1st step:            0          1
0   0.074354  30.131222
1   0.018426  29.942257
2   0.038679  29.962590
3   0.075565  30.081934
4   0.070462  29.946098
..       ...        ...
95  0.020383  30.079610
96  0.083450  30.065049
97  0.064009  30.001352
98  0.100840  30.075041
99  0.104800  30.044197

[100 rows x 2 columns]
The medians 2nd step:          0      1
0    7.000  7.000
1    7.000  7.000
2   29.963  0.039
3   30.082  0.076
4    7.000  7.000
..     ...    ...
95   7.000  7.000
96   7.000  7.000
97   7.000  7.000
98   7.000  7.000
99   7.000  7.000

[100 rows x 2 columns]
