The initial medians:            0          1
0  -0.087842  29.989098
1  -0.073997  29.951106
2  -0.068027  29.921273
3  -0.059334  30.007600
4  -0.054333  29.978888
..       ...        ...
95  0.106817  30.007050
96  0.107738  29.978471
97  0.110152  29.855228
98  0.113888  30.085850
99  0.119338  29.984816

[100 rows x 2 columns]
The medians 1st step:            0          1
0   0.043090  29.979297
1   0.086905  29.954148
2   0.162694  29.994724
3  -0.024562  30.022992
4   0.105264  29.984237
..       ...        ...
95  0.058263  30.032957
96  0.131100  29.985213
97  0.185438  30.055011
98  0.074892  29.979664
99 -0.016026  29.993274

[100 rows x 2 columns]
The medians 2nd step:          0      1
0    7.000  7.000
1   29.954  0.087
2    7.000  7.000
3    7.000  7.000
4   29.984  0.105
..     ...    ...
95   7.000  7.000
96   7.000  7.000
97  30.055  7.000
98  29.980  0.075
99   7.000  7.000

[100 rows x 2 columns]
