The initial medians:           0          1
0 -0.011192  30.023038
1  0.018084  29.983258
2  0.022283  29.879773
3  0.037503  30.034899
4  0.045630  29.955226
5  0.052616  29.990545
6  0.055384  29.951804
7  0.056824  29.920877
8  0.074041  29.914659
9  0.085983  30.004837
The medians 1st step:           0          1
0  0.162795  30.040410
1  0.146097  30.007464
2  0.053232  29.941151
3  0.136533  29.936800
4  0.059537  30.058281
5  0.115605  29.971541
6  0.103514  29.988544
7  0.092818  30.010633
8  0.110737  30.044582
9  0.133874  30.069961
The medians 2nd step:      0    1
0  7.0  7.0
1  7.0  7.0
2  7.0  7.0
3  7.0  7.0
4  7.0  7.0
5  7.0  7.0
6  7.0  7.0
7  7.0  7.0
8  7.0  7.0
9  7.0  7.0
